0.0	0.0	0.0	0.0
0.0	0.0	0.0	24.359050994182976
0.0	-0.9952524384900567	-0.9903110989592998	-0.9861587127989999
0.0	-0.9999981437884078	-0.9999342876376363	-0.9998084187686191
0.0	0.0	-0.9999999250951668	-0.9999999475666166
25.725398270637328	0.0	0.0	0.0
-1.08992625	-0.9841649999999998	-1.1073657	-0.9626456999999998
2.8790232591075884	3.0021734210459172	8.535948331087951	2.899355735262126
-1.9419146263219327	-1.9370205227248887	-1.9444315715595295	-1.9611415115529431
-0.9999999475666166	0.0	-0.9999999911875213	-0.9999999250951668
-0.9994414541359165	-0.9952524384900567	-0.9976736948601277	0.0
1.7226316510090884	7.294578255371217	2.3740564650544673	1.984798895000785
-1.7277539070083816	-1.7709331981251477	-1.761029392568457	-1.7546592858485102
3.786685891404724	2.7930386042629536	3.6177973842221594	11.633801693620455
-0.9999774606597089	0.0	-0.9999774606597089	-0.9999962118130772
-0.9999997816185622	-0.9999774606597089	-0.9999999874107446	0.0
-1.8615017156548381	-1.9111543274298097	-1.8978427112347322	-1.9095534178690166
8.217894998865539	4.6777203530293665	5.215670215081564	4.840536289568334
-1.8387786889238544	-1.8017627412744797	-1.7515852814613453	-1.720767868227925
3.085908774846697	0.0	14.632265538511088	2.5154297795013463
-0.9999999999950775	-0.9999999956818855	0.0	0.0
-0.9999999938312649	-0.9999999250951668	0.0	-0.9999993633194237
-0.9999987006518853	-0.9999962118130772	0.0	-0.9999999969773197
5.926683751357675	17.550078393030958	0.0	7.371531735373927
-0.9966767069430396	0.0	0.0	-0.9976736948601277
