0.0	-0.9999999820153496	-0.9999999999794993	0.0
0.0	-0.9999774606597089	-0.9999990904563196	-0.9999962118130772
0.0	-0.9996090178951416	-0.9999889557232573	-0.9983715864020892
0.0	-0.9994414541359165	-0.9999999999999996	-0.9903110989592998
0.0	0.0	1.9241813475980454	-0.6546317689904629
-0.9999990904563196	-0.9999996880265176	-0.9999998929930953	0.0
-1.981044166597855	-1.9764217297968893	-1.9779691959475292	-1.9798437428776692
-1.946834816418074	-1.9432002004015128	-1.937762588722236	-1.9404511709361676
2.130717262638078	2.130717262638078	4.825032659635739	6.261434525276156
-0.9976736948601277	0.0	-0.9994414541359165	-0.9999999999999996
-0.9992020773370236	-0.9999842224617963	-0.9999774606597089	0.0
-1.9544958856765575	-1.9523908072732312	-1.955292670780704	-1.9488733062284438
-1.980674806202497	-1.9808499944916589	-1.9812582890703943	-1.9861729737157083
-1.8460959895743718	-1.8346740356512146	-1.8498086649256003	-1.7945498106540039
6.141785025199792	0.0	4.109152077667212	3.4880124885540607
9.337791323006492	6.110039742713217	23.400285523312508	0.0
-1.5804870425983282	-1.58373989767543	-1.3588458234374996	-1.6131470099218768
5.826402465219566	5.5786918389541285	15.15787514307323	5.563445644874457
-1.8598918142284824	-1.8705183242139631	-1.8799270511010249	-1.8871125694514368
-0.9998658931380333	0.0	-0.9999842224617963	-0.9999842224617963
-0.8319300000000001	-0.657	0.0	0.0
0.4552590684084742	1.9458649830708974	0.0	0.13366692349839066
-0.9988601104814625	-0.9983715864020892	0.0	-0.9952524384900567
2.161573964359598	1.6533171209349662	0.0	9.723668664145062
-0.9999999911875213	0.0	0.0	-0.9999999475666166
